type1 <- c("Q9UNZ5", "O75064", "Q05D32", "Q14241", "Q8IWC1", "Q8WWK9-5", "Q92576", "Q9BUH6", "Q9HC35", "Q9NVA2-2",
           "O00303", "O43719", "O60573", "O75821", "O75822", "P12270", "P19338", "P23588", "P27708", "P30566",
           "P30876", "P31943", "P49585", "P52292", "P52789", "P55884-2", "P60228", "P60842", "P61923-4", "Q00577",
           "Q13148", "Q13347", "Q13547", "Q14152", "Q14240-2", "Q16531", "Q7L1Q6-3", "Q7L2H7", "Q92945", "Q99613", 
           "Q9HAV4", "Q9UBQ5", "Q9UK45", "Q9Y230", "Q9Y262", "O14964", "P60953", "Q7Z5R6", "Q96FN4", "Q99816", 
           "Q9H0E2", "Q9ULV4-3", "Q9Y696", "Q6Y1H2", "Q8N0U8", "Q9GZX9", "O15321", "Q8IYS2-2", "Q9BRK5", "Q9HC07",
           "Q9HD45", "Q9UKM7", "P51149", "P60604", "P61006", "Q13563", "Q13636", "Q8IWT6", "Q9H0U4", "Q9Y240",
           "O95450", "P07996", "P26038", "P32246", "P34910-2", "P49810", "P98082", "Q13425", "Q5W111", "Q8NBN3",
           "Q96GS6-2", "Q96QD8", "Q9H6Y7", "Q9NPF2", "Q9NRW1", "Q9NW97", "Q9UHW9", "Q86TX2", "Q8N983-4", "Q96CM3",
           "Q96DP5", "Q9NXA8", "Q9Y3B9", "Q92615", "Q9BY44", "Q12933-2", "O95900", "Q9HBH1", "Q9NQH7", "O15127",
           "O75427", "O75781", "P00746", "P07947", "P08754", "P50148", "Q13443", "Q16270", "Q8WTV0-2", "Q96C24", "Q9NPH3", "Q9ULC3")

type2 <- c("Q12965", "Q5TBA9", "Q9UHD9", "P20339", "P61018-2", "P61106", "Q13637", "Q8NBZ7-2", "Q96E22", "Q96HV5",
           "Q9H6E4", "Q9P003", "Q9Y3A6", "Q8N490", "P20933", "Q7L0J3", "Q9ULQ1-3", "Q9UQN3", "Q02338", "Q53R41",
           "Q6P161", "Q9NX00", "Q9UDW1", "O75940", "O95486", "P04406", "P51003", "Q09028", "Q9H4I3", "Q9NQG6",
           "A0JNW5", "O43865", "O60784-2", "O75044", "O75689", "P08567", "P14923", "P31323", "P35240", "P50479",
           "P61586", "P63000-2", "Q08209-2", "Q0JRZ9", "Q13137-4", "Q13501", "Q14847", "Q15311", "Q15654", "Q15942",
           "Q16537", "Q5JTD0", "Q86YS7", "Q8N392", "Q8NDX1", "Q8NFA0", "Q93052", "Q96B36-3", "Q96SB3", "Q9BUL8", "Q9NZD8", "Q9Y613")

type3 <- c("P0CG12", "O43237", "O43314", "O43516", "O60504", "Q5M775", "Q86V48", "Q8N884", "Q9GZS1-2", "Q9H7D0", 
           "Q9NPI1-2", "O43747", "O43768", "O94903", "P07203", "P35270", "P36404", "P41250", "P53990-2", "P63167",
           "P68032", "P80217-2", "Q13098-7", "Q14139-2", "Q15046-2", "Q6GMV3", "Q99570", "Q9BW27", "Q9GZT8", "Q9UI30",
           "Q15035", "Q96HE9", "Q9NXG6-3", "P35613", "P67812-3", "Q5XKK7", "Q99735", "P15954", "P56381", "P82921",
           "Q6P1L8", "Q9Y375", "Q9Y6H1", "O43293", "P49458", "Q5TZA2", "Q9BUQ8", "Q86W92", "Q86WR7")

type4 <- c("O43427", "O43617", "O43815", "O60488", "P00519-2", "P08134", "P09417", "P09525", "P20338", "P23919",
           "P36969", "P49189", "P49840", "P51151", "P52758", "P55957-2", "P62330", "Q12768", "Q14764", "Q15528",
           "Q16775", "Q4G0F5", "Q8N0X7", "Q8N335", "Q92974", "Q96JJ3", "Q9BXW6", "Q9NRV9", "Q9ULA0", "Q9UNE7")

cytosol <- c("O00303", "O00303", "O43719", "O60573", "O75821", "O75822", "P12270", "P19338", "P23588", "P27708",
             "P30566", "P30876", "P31943", "P49585", "P52292", "P52789", "P55884-2", "P60228", "P60842", "P61923-4",
             "Q00577", "Q13148", "Q13347", "Q13547", "Q14152", "Q14240-2", "Q16531", "Q7L1Q6-3", "Q7L2H7", "Q92945",
             "Q99613", "Q9HAV4", "Q9UBQ5", "Q9UK45", "Q9Y230", "Q9Y262", "O14964", "P60953", "Q7Z5R6", "Q96FN4", "Q99816",
             "Q9H0E2", "Q9ULV4-3", "Q9Y696", "Q12933-2", "Q12965", "Q5TBA9", "Q9UHD9", "O43747", "O43768", "O94903", "P07203",
             "P35270", "P36404", "P41250", "P53990-2", "P63167", "P68032", "P80217-2", "Q13098-7", "Q14139-2", "Q15046-2", "Q6GMV3", "Q99570", "Q9BW27", "Q9GZT8", "Q9UI30")


nuclear <- c("Q9UNZ5", "Q05D32", "Q14241", "Q8IWC1", "Q8WWK9-5", "Q92576", "Q9BUH6", "Q9HC35", "Q9NVA2-2", "O00303",
             "O43719", "O60573", "O75821", "O75822", "P12270", "P19338", "P23588", "P27708", "P30566", "P30876",
             "P31943", "P49585", "P52292", "P52789", "P55884-2", "P60228", "P60842", "P61923-4", "Q00577", "Q13148", 
             "Q13347", "Q13547", "Q14152", "Q14240-2", "Q16531", "Q7L1Q6-3", "Q7L2H7", "Q92945", "Q99613", "Q9HAV4",
             "Q9UBQ5", "Q9UK45", "Q9Y230", "Q9Y262", "Q9Y3B9", "Q92615", "Q9BY44", "Q12933-2", "O75940", "O95486", "P04406", "P51003", "Q09028", "O43293", "P49458", "Q5TZA2", "Q9BUQ8")


lysosome <- c("Q6Y1H2", "Q8N0U8", "Q9GZX9", "P51149", "P60604", "P61006", "Q13563", "Q13636", "Q8IWT6", "Q9H0U4", "Q9Y240",
              "O95450", "P07996", "P26038", "P32246", "P34910-2", "P49810", "P98082", "Q13425", "Q5W111", "Q8NBN3",
              "Q96GS6-2", "Q96QD8", "Q9H6Y7", "Q9NPF2", "Q9NRW1", "Q9NW97", "Q9UHW9", "O15127", "O75427", "O75781", "P00746",
              "P07947", "P08754", "P50148", "Q13443", "Q16270", "Q8WTV0-2", "Q96C24", "Q9NPH3", "Q9ULC3", "P20933", "Q7L0J3", "Q9ULQ1-3", "Q9UQN3", "P35613", "P67812-3", "Q5XKK7", "Q99735")



